2 0.239027 0.457113 0.118517 0.156336
2 0.318336 0.426017 0.0645936 0.0934091
2 0.152486 0.416102 0.0634353 0.0812734
3 0.0846103 0.466294 0.0440069 0.109396
0 0.0918721 0.428913 0.0397564 0.126816
2 0.0544073 0.436693 0.0765527 0.110658
0 0.0875751 0.442556 0.0474087 0.145013
2 0.35776 0.402699 0.0393638 0.051075
0 0.375211 0.431469 0.0350739 0.100989
2 0.0776837 0.438023 0.122302 0.113247
3 0.0879857 0.450149 0.0494562 0.135407
0 0.0943861 0.423076 0.0270631 0.11665
2 0.271921 0.378232 0.0304812 0.0250773
